etopo1_bedrock.asc
ncols        61
nrows        43
xllcorner    19.991666666667
yllcorner    37.891666666667
cellsize     0.016666666667
 -2179 -2223 -2261 -2314 -2394 -2424 -2448 -2451 -2476 -2552 -2596 -2691 -2698 -2717 -2729 -2732 -2718 -2667 -2614 -2575 -2519 -2439 -2207 -2053 -1753 -1555 -1380 -1170 -918 -659 -438 -250 -83 91 235 -33 -52 51 56 39 11 9 -60 -124 -149 -128 4 13 -6 -48 -91 -87 -1 87 -2 5 21 -82 -119 -114 -74
 -2195 -2229 -2268 -2324 -2378 -2407 -2431 -2477 -2504 -2590 -2609 -2672 -2765 -2790 -2814 -2814 -2786 -2721 -2667 -2599 -2371 -2208 -2011 -1912 -1656 -1620 -1464 -1241 -971 -701 -484 -297 -75 59 -12 -105 -141 -133 -17 -26 -86 -85 -57 -70 -164 -252 -146 -43 11 -46 -83 -81 -4 55 -16 37 -10 -113 -123 -100 -77
 -2208 -2254 -2310 -2337 -2379 -2414 -2447 -2515 -2554 -2620 -2643 -2709 -2791 -2832 -2867 -2854 -2824 -2762 -2701 -2642 -2459 -2225 -2022 -1947 -1744 -1709 -1555 -1302 -1010 -727 -486 -282 -96 17 -91 -169 -197 -179 -116 -98 -118 -103 -27 35 -121 -256 -253 -188 -140 -139 -100 -16 -39 -48 22 -2 -48 -88 -95 -77 -48
 -2245 -2270 -2309 -2354 -2420 -2494 -2502 -2534 -2572 -2630 -2689 -2751 -2815 -2864 -2887 -2871 -2853 -2808 -2776 -2735 -2708 -2538 -2264 -2187 -1997 -1889 -1647 -1339 -1016 -708 -450 -260 -153 -150 -170 -215 -221 -195 -157 -124 -124 -110 -1 0 -120 -273 -307 -295 -250 -237 -171 -142 -82 -18 14 -47 -67 -66 -66 -48 -33
 -2327 -2307 -2391 -2437 -2462 -2516 -2517 -2579 -2626 -2667 -2671 -2718 -2817 -2925 -2922 -2908 -2880 -2827 -2782 -2736 -2659 -2405 -2192 -2094 -1919 -1912 -1698 -1351 -985 -653 -388 -216 -157 -170 -189 -210 -216 -198 -154 -115 -93 -71 -31 6 -135 -242 -291 -285 -226 -171 -162 -176 -139 -72 -22 -70 -84 -72 -59 -48 -30
 -2352 -2384 -2423 -2477 -2538 -2588 -2563 -2566 -2587 -2659 -2706 -2785 -2843 -2942 -2972 -2952 -2921 -2845 -2807 -2758 -2688 -2408 -2118 -2093 -1973 -1985 -1681 -1291 -911 -577 -323 -155 -123 -138 -153 -167 -175 -176 -110 -52 -46 -48 -131 -255 -213 -208 -249 -242 -127 -24 -102 -205 -207 -172 -134 -136 -110 -79 -55 -42 -35
 -2340 -2382 -2421 -2481 -2530 -2594 -2606 -2628 -2642 -2745 -2758 -2846 -2880 -2966 -3013 -2992 -2955 -2887 -2829 -2798 -2757 -2687 -2301 -2201 -2104 -1861 -1534 -1169 -810 -501 -282 -148 -93 -83 -84 -83 -86 -85 -48 60 -12 -64 -154 -224 -208 -193 -226 -192 -23 56 -72 -217 -263 -244 -210 -176 -135 -86 -41 -38 -36
 -2394 -2437 -2483 -2498 -2552 -2624 -2654 -2686 -2690 -2727 -2790 -2853 -2901 -2989 -3046 -3027 -2994 -2923 -2869 -2851 -2820 -2761 -2462 -2249 -2137 -1655 -1323 -1011 -694 -419 -252 -148 -64 -13 -14 -12 0 31 -19 130 101 -41 -125 -151 -164 -152 -230 -232 62 48 -118 -277 -306 -280 -245 -201 -154 -103 -15 -43 -8
 -2399 -2421 -2502 -2547 -2601 -2624 -2664 -2672 -2705 -2824 -2870 -2910 -2969 -3017 -3062 -3069 -3050 -2985 -2936 -2900 -2863 -2803 -2523 -2339 -1988 -1491 -1120 -843 -587 -371 -227 -128 -35 82 52 -29 11 126 213 82 96 -8 -82 -131 -168 -199 -226 -170 1 -97 -214 -300 -323 -303 -262 -209 -158 -106 -59 -44 -13
 -2423 -2475 -2543 -2575 -2624 -2641 -2678 -2743 -2764 -2831 -2845 -2952 -3003 -3030 -3092 -3090 -3078 -3023 -2970 -2934 -2889 -2817 -2664 -2423 -1885 -1228 -893 -700 -487 -311 -199 -109 1 149 157 31 -22 -8 212 105 157 90 -15 -122 -179 -217 -223 -229 -201 -300 -303 -320 -327 -312 -273 -214 -165 -117 -90 -73 -43
 -2499 -2543 -2575 -2592 -2633 -2674 -2708 -2731 -2784 -2885 -2906 -2987 -3001 -3052 -3102 -3130 -3121 -3054 -3004 -2962 -2916 -2861 -2736 -2578 -1799 -1029 -657 -519 -386 -258 -170 -100 -15 133 223 74 -4 -6 0 375 465 370 96 -88 -156 -172 -188 -215 -249 -287 -307 -319 -327 -320 -289 -241 -186 -136 -102 -74 -45
 -2553 -2619 -2619 -2680 -2679 -2727 -2750 -2797 -2795 -2911 -2943 -3018 -3066 -3088 -3112 -3175 -3167 -3096 -3037 -2987 -2937 -2848 -2655 -2399 -1438 -628 -408 -404 -302 -195 -140 -88 -15 139 266 209 6 -6 -4 232 655 440 83 -71 -101 -97 -148 -191 -231 -230 -282 -311 -327 -325 -298 -261 -199 -145 -104 -69 -43
 -2564 -2625 -2656 -2688 -2733 -2784 -2814 -2855 -2913 -3010 -3049 -3082 -3102 -3132 -3162 -3218 -3225 -3144 -3082 -3027 -2925 -2790 -2473 -1500 -750 -318 -212 -233 -216 -167 -118 -73 -9 193 358 291 111 0 -5 22 506 230 2 -28 -25 -66 -146 -222 -257 -268 -296 -320 -326 -313 -281 -239 -190 -141 -101 -70 -46
 -2616 -2607 -2672 -2705 -2745 -2795 -2848 -2931 -2972 -3036 -3038 -3085 -3112 -3180 -3202 -3260 -3267 -3178 -3100 -3001 -2901 -2591 -1681 -363 -93 -36 -76 -131 -147 -135 -89 -29 23 124 404 457 242 9 -5 -12 119 11 5 40 65 -31 -153 -274 -299 -312 -325 -338 -324 -295 -254 -206 -169 -130 -92 -63 -34
 -2659 -2690 -2742 -2758 -2766 -2831 -2835 -2902 -2949 -3051 -3078 -3099 -3156 -3217 -3261 -3292 -3289 -3201 -3090 -2937 -2733 -2331 -1270 -247 82 65 26 -49 -90 -83 -63 -27 -5 187 546 587 326 53 -5 -5 21 21 163 44 79 12 -136 -254 -310 -333 -344 -342 -319 -279 -233 -186 -151 -120 -82 -25 8
 -2681 -2690 -2734 -2757 -2801 -2817 -2853 -2931 -3000 -3100 -3129 -3177 -3193 -3260 -3287 -3298 -3276 -3082 -2830 -2731 -2282 -1951 -972 -158 35 5 147 -5 -61 -32 -47 -15 10 349 677 743 552 170 -5 -16 2 150 481 255 84 -19 -130 -237 -308 -337 -354 -347 -318 -271 -222 -173 -138 -111 -96 -93 -68
 -2725 -2738 -2789 -2817 -2832 -2845 -2932 -3010 -3040 -3086 -3142 -3194 -3234 -3260 -3287 -3297 -3169 -2882 -2747 -2528 -2176 -1285 -556 -113 41 146 252 43 -26 -38 -19 40 324 297 611 792 645 268 -1 -5 -5 10 416 436 223 -9 -86 -234 -323 -352 -361 -354 -323 -276 -224 -175 -135 -109 -100 -101 -96
 -2730 -2761 -2782 -2803 -2859 -2939 -2974 -3002 -3038 -3126 -3156 -3179 -3235 -3282 -3286 -3230 -3057 -2738 -2602 -2225 -1512 -470 -148 -3 126 268 327 164 165 -3 194 571 513 277 165 346 425 149 0 -16 -5 -11 176 282 246 61 23 -279 -348 -349 -358 -358 -327 -283 -229 -180 -137 -108 -96 -91 -92
 -2764 -2776 -2797 -2787 -2869 -2933 -2971 -3024 -3067 -3121 -3144 -3231 -3252 -3289 -3301 -3062 -2840 -2693 -2471 -2144 -969 -220 -6 33 168 148 199 244 176 198 653 772 536 404 349 172 71 -2 -5 -5 -5 -6 -10 -5 11 -54 -131 -273 -334 -339 -343 -342 -321 -282 -231 -180 -140 -111 -96 -89 -88
 -2793 -2808 -2844 -2866 -2910 -2929 -2968 -3046 -3081 -3152 -3155 -3242 -3287 -3313 -3247 -2817 -2640 -2409 -2148 -496 -179 -48 -16 -12 138 39 67 118 210 534 844 671 560 701 739 452 260 6 -5 -5 2 -3 -40 -129 -169 -237 -260 -307 -315 -307 -322 -327 -313 -280 -236 -183 -149 -118 -101 -90 -87
 -2841 -2864 -2897 -2935 -2972 -3019 -3053 -3100 -3110 -3210 -3187 -3240 -3313 -3271 -3074 -2688 -2490 -2168 -1294 -277 57 52 21 116 141 48 -3 16 319 658 742 728 681 927 739 540 352 142 -3 -2 63 52 -20 -134 -212 -253 -280 -296 -298 -298 -308 -314 -305 -282 -248 -209 -168 -134 -108 -94 -87
 -2884 -2911 -2925 -2962 -2988 -3014 -3044 -3097 -3149 -3192 -3289 -3320 -3336 -3165 -2914 -2522 -2099 -1087 -564 -183 -3 33 199 255 187 77 0 -5 223 464 650 800 806 703 572 466 252 103 14 124 364 344 97 -97 -183 -191 -235 -262 -273 -283 -295 -304 -296 -279 -249 -222 -172 -139 -111 -96 -89
 -2991 -3032 -3062 -3102 -3132 -3125 -3156 -3194 -3232 -3276 -3305 -3343 -3350 -3121 -2860 -2235 -1697 -695 -199 -96 -74 2 293 303 168 84 19 -5 19 362 475 626 873 732 666 502 287 81 41 243 718 728 351 -22 -123 -154 -181 -206 -231 -257 -276 -285 -280 -260 -221 -178 -142 -117 -102 -94 -91
 -3069 -3109 -3152 -3220 -3257 -3252 -3275 -3295 -3322 -3333 -3387 -3406 -3382 -3012 -2775 -1983 -1661 -340 -36 -87 -88 -23 343 314 134 46 15 -5 -1 182 262 343 608 736 794 645 503 283 130 189 452 590 447 179 8 -86 -121 -139 -182 -226 -254 -265 -266 -245 -194 -130 -108 -91 -91 -93 -95
 -3203 -3225 -3313 -3350 -3359 -3372 -3389 -3405 -3407 -3399 -3407 -3402 -3367 -2931 -2611 -1834 -1222 -457 -113 -58 2 158 291 180 92 48 15 -3 -2 9 142 227 489 536 553 670 608 648 459 251 212 421 834 584 125 2 -53 -81 -135 -192 -230 -252 -260 -243 -195 -139 -105 -89 -90 -97 -100
 -3367 -3386 -3392 -3391 -3401 -3404 -3413 -3406 -3414 -3397 -3397 -3350 -3327 -2756 -2410 -1779 -1104 -494 -221 -118 22 66 86 49 46 42 37 -3 0 18 13 143 218 403 466 453 719 1011 792 587 420 640 756 654 510 125 25 -23 -100 -161 -205 -239 -262 -257 -212 -158 -115 -93 -93 -103 -105
 -3417 -3418 -3418 -3419 -3423 -3422 -3390 -3386 -3357 -3270 -3110 -2896 -2810 -2479 -2138 -1865 -1143 -608 -319 -167 -69 -32 -1 18 35 19 13 -1 -1 40 4 82 208 322 456 415 537 939 881 734 616 531 497 277 459 526 126 -33 -83 -113 -173 -236 -269 -265 -223 -169 -123 -98 -94 -100 -103
 -3439 -3437 -3441 -3418 -3325 -2958 -2676 -2254 -2235 -2363 -2494 -2536 -2504 -2069 -1768 -1329 -1010 -664 -410 -248 -167 -132 -74 -10 -4 -5 -10 -9 -5 10 93 27 76 227 329 401 506 801 1133 1279 1062 805 574 350 222 249 110 2 -50 -51 -139 -233 -267 -270 -222 -165 -119 -95 -92 -99 -101
 -3466 -3448 -3410 -3125 -2433 -1826 -1641 -1992 -2038 -2139 -2228 -2211 -2338 -1830 -1532 -1213 -954 -698 -470 -309 -234 -201 -157 -103 -47 -12 -7 -19 -11 -3 85 134 136 168 158 147 186 321 564 988 1302 1339 982 526 182 74 159 159 -11 -49 -116 -189 -241 -250 -205 -144 -105 -89 -89 -95 -100
 -3467 -3422 -3235 -2844 -2039 -1724 -1469 -1766 -1943 -2039 -2063 -2052 -2103 -1620 -1247 -1187 -955 -711 -492 -326 -267 -259 -228 -198 -123 -117 -48 -40 -22 -9 14 50 102 126 109 51 30 13 99 283 563 1017 1214 857 380 139 198 261 164 -10 -104 -154 -218 -239 -186 -114 -90 -85 -90 -97 -103
 -3476 -3406 -3176 -2788 -2014 -1607 -1291 -1682 -1852 -2007 -2027 -2097 -2027 -1567 -1329 -1063 -915 -695 -483 -337 -277 -269 -262 -218 -124 -97 -98 -89 -44 -30 -16 1 4 69 58 1 -8 -9 -5 14 158 382 698 692 505 288 365 283 161 -17 -109 -169 -216 -226 -179 -119 -95 -93 -99 -106 -112
 -3489 -3452 -3210 -2692 -2039 -1532 -1162 -1550 -1743 -1947 -1993 -1984 -1892 -1537 -1351 -1074 -860 -644 -427 -326 -289 -286 -299 -258 -187 -170 -151 -182 -152 -130 -48 -36 -25 -12 -10 -23 -24 -26 -20 -15 -6 12 153 239 344 146 242 173 32 -31 -113 -182 -222 -230 -183 -127 -115 -115 -115 -117 -121
 -3504 -3482 -3262 -2712 -2008 -1463 -1095 -1244 -1324 -1791 -1852 -1835 -1651 -1323 -1228 -1026 -861 -570 -348 -338 -342 -360 -414 -382 -297 -256 -192 -241 -243 -200 -146 -121 -103 -84 -49 -48 -47 -45 -39 -31 -22 -11 9 97 89 32 12 33 0 -59 -129 -187 -213 -213 -191 -166 -151 -142 -134 -128 -126
 -3534 -3535 -3224 -2636 -1955 -1548 -1178 -984 -1172 -1442 -1518 -1634 -1404 -1122 -1124 -933 -822 -518 -386 -399 -477 -536 -576 -543 -406 -329 -242 -354 -344 -278 -246 -228 -201 -177 -140 -119 -93 -72 -67 -66 -41 -32 -21 -18 -14 -21 -22 -27 -62 -102 -152 -189 -189 -185 -188 -195 -180 -165 -147 -134 -129
 -3647 -3582 -3379 -2707 -2114 -1621 -1177 -835 -883 -1027 -1204 -1482 -1292 -1003 -950 -824 -820 -418 -375 -431 -521 -630 -690 -730 -611 -468 -311 -442 -456 -394 -349 -322 -292 -259 -220 -182 -144 -114 -95 -79 -63 -52 -43 -41 -45 -65 -83 -110 -143 -170 -175 -165 -148 -143 -165 -190 -186 -168 -149 -136 -131
 -3770 -3770 -3746 -3375 -2613 -1922 -1360 -1262 -1142 -1099 -1156 -1372 -1156 -1017 -848 -836 -630 -414 -411 -461 -552 -770 -878 -885 -728 -656 -425 -612 -553 -487 -453 -418 -374 -328 -276 -232 -189 -156 -126 -98 -84 -73 -69 -76 -85 -108 -139 -178 -207 -227 -189 -142 -109 -95 -135 -177 -170 -152 -135 -127 -129
 -3781 -3770 -3770 -3752 -3357 -2724 -2509 -2199 -2068 -1775 -1568 -1407 -1253 -1078 -1041 -850 -673 -499 -489 -561 -648 -800 -985 -994 -947 -861 -598 -525 -552 -592 -576 -517 -445 -370 -304 -251 -216 -191 -166 -138 -109 -88 -83 -91 -107 -134 -168 -202 -222 -219 -182 -134 -98 -89 -115 -140 -137 -120 -109 -108 -118
 -3778 -3769 -3772 -3764 -3510 -3107 -2943 -2682 -2375 -1872 -1606 -1472 -1447 -1188 -1083 -867 -727 -555 -569 -650 -751 -861 -1048 -1083 -1054 -939 -724 -448 -569 -727 -708 -614 -511 -405 -320 -257 -236 -223 -205 -178 -134 -95 -84 -88 -104 -136 -166 -193 -200 -191 -166 -133 -112 -101 -127 -135 -118 -89 -76 -78 -99
 -3774 -3780 -3775 -3761 -3615 -3416 -3142 -2538 -2258 -1778 -1709 -1589 -1440 -1127 -994 -837 -745 -620 -624 -717 -837 -971 -1122 -1178 -1120 -996 -873 -646 -698 -832 -826 -719 -584 -454 -347 -278 -256 -251 -229 -194 -151 -108 -73 -56 -78 -112 -137 -151 -159 -157 -150 -144 -148 -160 -175 -178 -139 -86 -49 -50 -75
 -3750 -3744 -3771 -3760 -3713 -3460 -3229 -2763 -2428 -2132 -1922 -1483 -1288 -1150 -995 -816 -802 -773 -737 -798 -918 -1136 -1220 -1284 -1179 -1085 -957 -781 -891 -1008 -937 -802 -653 -510 -387 -296 -270 -265 -229 -186 -147 -94 -42 -15 -54 -89 -104 -104 -116 -124 -133 -149 -180 -214 -221 -243 -214 -141 -38 -32 -58
 -3763 -3778 -3779 -3770 -3710 -3614 -3344 -2780 -2492 -1948 -1724 -1465 -1403 -1257 -1123 -928 -893 -919 -847 -901 -1029 -1289 -1424 -1386 -1296 -1191 -1054 -1094 -1121 -1102 -1011 -871 -721 -575 -444 -339 -268 -224 -189 -156 -109 -18 27 -31 -56 -76 -83 -82 -84 -93 -111 -142 -184 -225 -239 -248 -351 -294 -87 -43 -51
 -3782 -3776 -3771 -3742 -3513 -3421 -3142 -2655 -2294 -1824 -1666 -1441 -1351 -1391 -1354 -1186 -1137 -1114 -1083 -1151 -1345 -1499 -1617 -1558 -1404 -1305 -1143 -1357 -1279 -1191 -1092 -940 -794 -647 -506 -378 -252 -157 -112 -68 8 162 143 -6 -47 -69 -68 -64 -58 -65 -84 -117 -153 -222 -317 -310 -552 -531 -433 -35 -47
 -3780 -3773 -3760 -3647 -3417 -3194 -2864 -2373 -2132 -1787 -1654 -1499 -1389 -1247 -1307 -1387 -1304 -1298 -1312 -1383 -1648 -1771 -1834 -1721 -1582 -1460 -1269 -1183 -1248 -1303 -1210 -1045 -884 -726 -565 -399 -231 -88 -2 96 375 358 168 2 -32 -52 -49 -36 -33 -39 -56 -74 -99 -190 -459 -910 -549 -540 -533 -203 -34
